4 4 4 4 4 4 4 4 4 4 4 4 4 4 4 4 17 17 17 17 17 17 9 9 9 9 9 9 9 9 17 17 17 17 17 17 4 4 4 4 4 4 4 4 4 4 4 4 4 4 4 /
4 4 4 4 4 4 4 4 4 4 4 4 4 4 4 4 17 17 17 17 17 17 8 8 8 8 8 8 8 8 17 17 17 17 17 17 4 4 4 4 4 4 4 4 4 4 4 4 4 4 4 /
4 4 4 4 4 4 4 4 4 4 4 4 4 4 4 4 17 17 17 17 17 17 8 8 8 8 8 8 8 8 17 17 17 17 17 17 4 4 4 4 4 4 4 4 4 4 4 4 4 4 4 /
4 4 4 4 4 4 4 4 4 4 4 4 4 4 4 4 17 17 17 17 17 17 8 8 8 8 8 8 8 8 17 17 17 17 17 17 4 4 4 4 4 4 4 4 4 4 4 4 4 4 4 /
4 4 4 4 4 4 4 4 4 4 4 4 4 4 4 4 17 17 17 17 17 17 8 8 8 8 8 8 8 8 17 17 17 17 17 17 4 4 4 4 4 4 4 4 4 4 4 4 4 4 4 /
4 4 4 4 4 4 4 4 4 4 4 4 4 4 4 4 17 17 17 17 17 17 7 7 7 10 11 7 7 7 17 17 17 17 17 17 4 4 4 4 4 4 4 4 4 4 4 4 4 4 /
4 4 4 4 4 4 4 4 4 4 4 4 4 4 4 4 17 17 17 17 17 5 5 5 5 5 5 5 5 5 5 5 17 17 17 17 17 4 4 4 4 4 4 4 4 4 4 4 4 4 4 4 /
4 4 4 4 4 4 4 4 4 4 4 4 4 4 4 4 4 17 17 17 17 17 5 5 5 5 5 5 5 5 17 17 17 17 17 4 4 4 4 4 4 4 4 4 4 4 4 4 4 4 4 4 /
4 4 4 4 4 4 4 4 4 4 4 4 4 4 4 4 4 4 17 17 17 17 17 5 5 5 5 5 5 17 17 17 17 17 4 4 4 4 4 4 4 4 4 4 4 4 4 4 4 4 4 4
4 4 4 4 4 4 4 4 4 4 4 4 4 4 4 4 4 4 4 17 17 17 17 17 17 5 5 17 17 17 17 17 17 4 4 4 4 4 4 4 4 4 4 4 4 4 4 4 4 4 4 /
4 4 4 4 4 4 4 4 4 4 4 4 4 4 4 4 4 4 4 4 17 17 17 17 17 5 5 17 17 17 17 17 4 4 4 4 4 4 4 4 4 4 4 4 4 4 4 4 4 4 4 4 /
4 4 4 4 4 4 4 4 4 4 4 4 4 4 4 4 4 4 4 4 4 17 17 17 17 5 5 17 17 17 17 4 4 4 4 4 4 4 4 4 4 4 25 25 25 25 25 25 25 25 25 /
4 4 4 4 4 4 4 4 4 4 4 4 4 4 4 4 4 4 4 4 4 4 17 17 17 5 5 17 17 17 4 4 4 4 4 4 4 4 4 4 4 4 4 25 25 25 25 25 25 25 25 25 /
4 4 4 4 4 4 4 4 4 4 4 4 4 4 4 4 4 4 4 4 4 4 4 17 17 5 5 17 17 4 4 4 4 4 4 4 4 4 4 4 4 4 4 4 25 25 25 25 25 25 25 25 25 /
45 45 45 45 45 45 45 45 45 45 45 45 45 45 45 45 45 56 4 4 4 4 4 17 17 5 5 17 17 4 4 4 4 4 4 4 4 4 4 4 4 4 4 4 25 25 25 25 25 25 25 25 25 /
49 49 49 49 49 49 49 49 49 49 49 49 49 49 49 49 48 46 4 4 4 4 4 4 17 5 5 17 4 4 4 4 4 4 4 4 25 25 25 25 25 25 25 25 25 25 25 25 25 25 25 /
20 20 20 20 20 20 20 20 20 20 20 20 20 20 20 20 47 46 4 4 4 4 4 4 17 5 5 17 4 4 4 4 4 4 4 4 25 25 25 25 25 25 25 25 25 25 25 25 25 25 25 /
20 20 20 20 20 20 20 20 20 20 20 20 20 20 20 20 47 46 4 4 4 4 4 4 4 5 5 4 4 4 4 4 4 4 4 4 25 25 25 25 25 25 25 25 25 25 25 25 25 25 25 /
20 20 20 20 20 20 20 20 20 20 20 20 20 20 20 20 47 46 4 4 4 4 4 4 4 5 5 4 4 4 4 4 4 4 4 4 25 25 25 25 25 25 25 25 25 25 25 25 25 25 25 /
20 20 20 20 20 20 20 20 20 20 20 20 20 20 20 20 47 46 4 4 4 4 4 4 4 5 5 4 4 4 4 4 4 4 4 4 25 25 25 25 25 25 25 25 25 25 25 25 25 25 25 /
20 20 20 20 20 20 20 20 20 20 20 20 20 20 20 20 47 46 4 4 4 4 4 4 4 5 5 4 4 4 4 4 4 4 4 25 25 25 25 25 25 25 25 25 25 25 25 25 25 25 25 /
20 20 20 20 20 20 20 20 20 20 20 20 20 20 20 51 50 46 4 4 4 4 4 4 5 5 5 5 4 4 4 4 4 4 25 25 25 25 25 25 25 25 25 25 25 25 25 25 25 25 25 /
20 20 20 20 20 20 20 20 20 20 20 20 20 20 51 50 54 57 4 4 4 4 4 5 5 5 5 5 5 4 4 4 4 25 25 25 25 25 25 25 25 25 25 25 25 25 25 25 25 25 25 /
20 20 20 20 20 20 20 51 53 53 53 61 20 51 50 54 57 4 4 4 4 4 5 5 5 5 5 5 5 5 4 4 25 25 25 25 25 25 25 25 25 25 25 25 25 25 25 25 25 25 25 /
20 20 20 20 20 20 20 47 76 80 77 60 53 50 54 57 4 4 4 4 5 5 5 5 21 39 39 22 5 5 5 73 25 25 25 25 25 25 5 5 5 25 25 25 25 25 25 25 25 25 25 /
20 20 20 20 20 20 20 47 81 43 81 58 58 58 38 38 38 38 38 29 5 5 5 5 41 64 65 40 5 5 5 71 66 66 66 66 66 70 5 27 5 25 25 25 25 25 25 25 25 25 25 /
20 20 20 20 20 20 20 47 74 78 75 62 49 48 55 56 4 4 4 4 5 5 5 5 24 42 42 23 5 5 5 73 25 25 25 25 25 25 5 5 5 25 25 25 25 25 25 25 25 25 25 /
20 20 20 20 20 20 20 52 49 49 49 63 20 52 48 55 56 4 4 4 4 4 5 5 5 5 5 5 5 5 4 4 25 25 25 25 25 25 25 25 25 25 25 25 25 25 25 25 25 25 25 /
20 20 20 20 20 20 20 20 20 20 20 20 20 20 52 48 55 56 4 4 4 4 4 5 5 5 5 5 5 4 4 4 4 25 25 25 25 25 25 25 25 25 25 25 25 25 25 25 25 25 25 /
20 20 20 20 20 20 20 20 20 20 20 20 20 20 20 52 48 46 4 4 4 4 4 4 5 5 5 5 4 4 4 4 4 4 25 25 25 25 25 25 25 25 25 25 25 25 25 25 25 25 25 /
20 20 20 20 20 20 20 20 20 20 20 20 20 20 20 20 47 46 4 4 4 4 4 4 4 5 5 4 4 4 4 4 4 4 4 25 25 25 25 25 25 25 25 25 25 25 25 25 25 25 25 /
20 20 20 20 20 20 20 20 20 20 20 20 20 20 20 20 47 46 4 4 4 4 4 4 4 5 5 4 4 4 4 4 4 4 4 4 25 25 25 25 25 25 25 25 25 25 25 25 25 25 25 25 /
20 20 20 20 20 20 20 20 20 20 20 20 20 20 20 20 47 46 4 4 4 4 4 4 4 5 5 4 4 4 4 4 4 4 4 4 25 25 25 25 25 25 25 25 25 25 25 25 25 25 25 25 /
20 20 20 20 20 20 20 20 20 20 20 20 20 20 20 20 47 46 4 4 4 4 4 4 4 5 5 4 4 4 4 4 4 4 4 4 25 25 25 25 25 25 25 25 25 25 25 25 25 25 25 25 /
20 20 20 20 20 20 20 20 20 20 20 20 20 20 20 20 47 46 4 4 4 4 4 4 4 5 5 4 4 4 4 4 4 4 4 4 25 25 25 25 25 25 25 25 25 25 25 25 25 25 25 25 /
53 53 53 53 53 53 53 53 53 53 53 53 53 53 53 53 50 46 4 4 4 4 4 4 4 5 5 4 4 4 4 4 4 4 4 4 25 25 25 25 25 25 25 25 25 25 25 25 25 25 25 25 /
44 44 44 44 44 44 44 44 44 44 44 44 44 44 44 44 44 57 4 4 4 4 4 4 4 5 5 4 4 4 4 4 4 4 4 4 4 4 4 4 4 4 4 4 4 4 4 4 4 4 4 4 /
4 4 4 4 4 4 4 4 4 4 4 4 4 4 4 4 4 4 4 4 4 4 4 4 4 5 5 4 4 4 4 4 4 4 4 4 4 4 4 4 4 4 4 4 4 4 4 4 4 4 4 /
4 4 4 4 4 4 4 4 4 4 4 4 4 4 4 4 4 4 4 4 4 4 4 4 4 5 5 4 4 4 4 4 4 4 4 4 4 4 4 4 4 4 4 4 4 4 4 4 4 4 4 /
4 4 4 4 4 4 4 4 4 4 4 4 4 4 4 4 4 4 4 4 4 4 4 4 4 5 5 4 4 4 4 4 4 4 4 4 4 4 4 4 4 4 4 4 4 4 4 4 4 4 4 /
4 4 4 4 4 4 4 4 4 4 4 4 4 4 4 4 4 4 4 4 4 4 4 4 4 5 5 4 4 4 4 4 4 4 4 4 4 4 4 4 4 4 4 4 4 4 4 4 4 4 4 /
4 4 4 4 4 4 4 4 4 4 4 4 4 4 4 4 4 4 4 4 4 4 4 4 5 5 5 5 4 4 4 4 4 4 4 4 4 4 4 4 4 4 4 4 4 4 4 4 4 4 4 /
4 4 4 4 4 4 4 4 4 4 4 4 4 4 4 4 4 4 4 4 4 4 4 4 5 5 5 5 4 4 4 4 4 4 4 4 4 4 4 4 4 4 4 4 4 4 4 4 4 4 4 /
4 4 4 4 4 4 4 4 4 4 4 4 4 4 4 4 4 4 4 4 4 4 4 4 5 5 5 5 4 4 4 4 4 4 4 4 4 4 4 4 4 4 4 4 4 4 4 4 4 4 4 /
4 4 4 4 4 4 4 4 4 4 4 4 4 4 4 4 4 4 4 4 4 4 4 4 4 4 4 4 4 4 4 4 4 4 4 4 4 4 4 4 4 4 4 4 4 4 4 4 4 4 4 /
4 4 4 4 4 4 4 4 4 4 4 4 4 4 4 4 4 4 4 4 4 4 4 4 4 4 4 4 4 4 4 4 4 4 4 4 4 4 4 4 4 4 4 4 4 4 4 4 4 4 4 /
4 4 4 4 4 4 4 4 4 4 4 4 4 4 4 4 4 4 4 4 4 4 4 4 4 4 4 4 4 4 4 4 4 4 4 4 4 4 4 4 4 4 4 4 4 4 4 4 4 4 4 /
4 4 4 4 4 4 4 4 4 4 4 4 4 4 4 4 4 4 4 4 4 4 4 4 4 4 4 4 4 4 4 4 4 4 4 4 4 4 4 4 4 4 4 4 4 4 4 4 4 4 4 /
4 4 4 4 4 4 4 4 4 4 4 4 4 4 4 4 4 4 4 4 4 4 4 4 4 4 4 4 4 4 4 4 4 4 4 4 4 4 4 4 4 4 4 4 4 4 4 4 4 4 4 /
4 4 4 4 4 4 4 4 4 4 4 4 4 4 4 4 4 4 4 4 4 4 4 4 4 4 4 4 4 4 4 4 4 4 4 4 4 4 4 4 4 4 4 4 4 4 4 4 4 4 4 /
5 5 5 5 5 5 5 5 5 5 5 5 5 5 5 5 5 4 4 4 4 4 4 4 4 4 4 4 5 5 5 5 5 5 5 5 5 5 5 4 4 4 4 4 4 4 4 4 4 4 4 / 
4 4 4 4 4 4 4 4 4 4 4 4 4 4 4 4 4 4 4 4 4 4 4 4 4 4 4 4 4 4 4 4 4 4 4 4 4 4 4 4 4 4 4 4 4 4 4 4 4 4 4 /
4 4 4 4 4 4 4 4 4 4 4 4 4 4 4 4 4 4 4 4 4 4 4 4 4 4 4 4 4 4 4 4 4 4 4 4 4 4 4 4 4 4 4 4 4 4 4 4 4 4 4 /
4 4 4 4 4 4 4 4 4 4 4 4 4 4 4 4 4 4 4 4 4 4 4 4 4 4 4 4 4 4 4 4 4 4 4 4 4 4 4 4 4 4 4 4 4 4 4 4 4 4 4 /
/ / / / / / / / / / / / / / / / / / / / / / / / / / / / / / / / / / / / / / / / / / / / / / / / / / / /