4 4 4 4 4 4 4 4 4 4 4 4 4 4 4 4 17 17 17 17 17 17 9 9 9 9 9 9 9 9 17 17 17 17 17 17 4 4 4 4 4 4 4 4 4 4 4 4 4 4 4 /
4 4 4 4 4 4 4 4 4 4 4 4 4 4 4 4 17 17 17 17 17 17 8 8 8 8 8 8 8 8 17 17 17 17 17 17 4 4 4 4 4 4 4 4 4 4 4 4 4 4 4 /
4 4 4 4 4 4 4 4 4 4 4 4 4 4 4 4 17 17 17 17 17 17 8 8 8 8 8 8 8 8 17 17 17 17 17 17 4 4 4 4 4 4 4 4 4 4 4 4 4 4 4 /
4 4 4 4 4 4 4 4 4 4 4 4 4 4 4 4 17 17 17 17 17 17 8 8 8 8 8 8 8 8 17 17 17 17 17 17 4 4 4 4 4 4 4 4 4 4 4 4 4 4 4 /
4 4 4 4 4 4 4 4 4 4 4 4 4 4 4 4 17 17 17 17 17 17 8 8 8 8 8 8 8 8 17 17 17 17 17 17 4 4 4 4 4 4 4 4 4 4 4 4 4 4 4 /
4 4 4 4 4 4 4 4 4 4 4 4 4 4 4 4 17 17 17 17 17 17 7 7 7 10 11 7 7 7 17 17 17 17 17 17 4 4 4 4 4 4 4 4 4 4 4 4 4 4 /
4 4 4 4 4 4 4 4 4 4 4 4 4 4 4 4 17 17 17 17 17 5 5 5 5 5 5 5 5 5 5 5 17 17 17 17 17 4 4 4 4 4 4 4 4 4 4 4 4 4 4 4 /
4 4 4 4 4 4 4 4 4 4 4 4 4 4 4 4 4 17 17 17 17 17 5 5 5 5 5 5 5 5 17 17 17 17 17 4 4 4 4 4 4 4 4 4 4 4 4 4 4 4 4 4 /
4 4 4 4 4 4 4 4 4 4 4 4 4 4 4 4 4 4 17 17 17 17 17 5 5 5 5 5 5 17 17 17 17 17 4 4 4 4 4 4 4 4 4 4 4 4 4 4 4 4 4 4
4 4 4 4 4 4 4 4 4 4 4 4 4 4 4 4 4 4 4 17 17 17 17 17 17 5 5 17 17 17 17 17 17 4 4 4 4 4 4 4 4 4 4 4 4 4 4 4 4 4 4 /
4 4 4 4 4 4 4 4 4 4 4 4 4 4 4 4 4 4 4 4 17 17 17 17 17 5 5 17 17 17 17 17 4 4 4 4 4 4 4 4 4 4 4 4 4 4 4 4 4 4 4 4 /
4 4 4 4 4 4 4 4 4 4 4 4 4 4 4 4 4 4 4 4 4 17 17 17 17 5 5 17 17 17 17 4 4 4 4 4 4 4 4 4 4 4 25 25 25 25 25 25 25 25 25 /
4 4 4 4 4 4 4 4 4 4 4 4 4 4 4 4 4 4 4 4 4 4 17 17 17 5 5 17 17 17 4 4 4 4 4 4 4 4 4 4 4 4 4 25 25 25 25 25 25 25 25 25 /
4 4 4 4 4 4 4 4 4 4 4 4 4 4 4 4 4 4 4 4 4 4 4 17 17 5 5 17 17 4 4 4 4 4 4 4 4 4 4 4 4 4 4 4 25 25 25 25 25 25 25 25 25 /
45 45 45 45 45 45 45 45 45 45 45 45 45 45 45 45 45 56 4 4 4 4 4 17 17 5 5 17 17 4 4 4 4 4 4 4 4 4 4 4 4 4 4 4 25 25 25 25 25 25 25 25 25 /
49 49 49 49 49 49 49 49 49 49 49 49 49 49 49 49 48 46 4 4 4 4 4 4 17 5 5 17 4 4 4 4 4 4 4 4 25 25 25 25 25 25 25 25 25 25 25 25 25 25 25 /
20 20 20 20 20 20 20 20 20 20 20 20 20 20 20 20 47 46 4 4 4 4 4 4 17 5 5 17 4 4 4 4 4 4 4 4 25 25 25 25 25 25 25 25 25 25 25 25 25 25 25 /
20 20 20 20 20 20 20 20 20 20 20 20 20 20 20 20 47 46 4 4 4 4 4 4 4 5 5 4 4 4 4 4 4 4 4 4 25 25 25 25 25 25 25 25 25 25 25 25 25 25 25 /
20 20 20 20 20 20 20 20 20 20 20 20 20 20 20 20 47 46 4 4 4 4 4 4 4 5 5 4 4 4 4 4 4 4 4 4 25 25 25 25 25 25 25 25 25 25 25 25 25 25 25 /
20 20 20 20 20 20 20 20 20 20 20 20 20 20 20 20 47 46 4 4 4 4 4 4 4 5 5 4 4 4 4 4 4 4 4 4 25 25 25 25 25 25 25 25 25 25 25 25 25 25 25 /
20 20 20 20 20 20 20 20 20 20 20 20 20 20 20 20 47 46 4 4 4 4 4 4 4 5 5 4 4 4 4 4 4 4 4 25 25 25 25 25 25 25 25 25 25 25 25 25 25 25 25 /
20 20 20 20 20 20 20 20 20 20 20 20 20 20 20 51 50 46 4 4 4 4 4 4 21 5 5 22 4 4 4 4 4 4 25 25 25 25 25 25 25 25 25 25 25 25 25 25 25 25 25 /
20 20 20 20 20 20 20 20 20 20 20 20 20 20 51 50 54 57 4 4 4 4 4 21 5 5 5 5 22 4 4 4 4 25 25 25 25 25 25 25 25 25 25 25 25 25 25 25 25 25 25 /
20 20 20 20 20 20 20 20 20 20 20 20 20 51 50 54 57 4 4 4 4 4 21 5 5 5 5 5 5 22 4 4 25 25 25 25 25 25 25 25 25 25 25 25 25 25 25 25 25 25 25 /
20 20 20 20 20 20 20 20 21 39 22 20 20 50 54 57 4 4 4 4 21 5 5 5 5 5 5 5 5 5 5 22 25 25 25 25 25 25 5 5 5 25 25 25 25 25 25 25 25 25 25 /
20 20 20 20 20 20 20 20 41 5 5 38 38 38 38 38 38 38 38 38 5 5 5 5 5 43 5 5 5 5 5 5 5 5 5 5 5 5 5 27 5 25 25 25 25 25 25 25 25 25 25 /
20 20 20 20 20 20 20 20 24 42 23 20 20 48 55 56 4 4 4 4 24 5 5 5 5 5 5 5 5 5 5 23 25 25 25 25 25 25 5 5 5 25 25 25 25 25 25 25 25 25 25 /
20 20 20 20 20 20 20 20 20 20 20 20 20 52 48 55 56 4 4 4 4 4 24 5 5 5 5 5 5 23 4 4 25 25 25 25 25 25 25 25 25 25 25 25 25 25 25 25 25 25 25 /
20 20 20 20 20 20 20 20 20 20 20 20 20 20 52 48 55 56 4 4 4 4 4 24 5 5 5 5 23 4 4 4 4 25 25 25 25 25 25 25 25 25 25 25 25 25 25 25 25 25 25 /
20 20 20 20 20 20 20 20 20 20 20 20 20 20 20 52 48 46 4 4 4 4 4 4 24 5 5 23 4 4 4 4 4 4 25 25 25 25 25 25 25 25 25 25 25 25 25 25 25 25 25 /
20 20 20 20 20 20 20 20 20 20 20 20 20 20 20 20 47 46 4 4 4 4 4 4 4 5 5 4 4 4 4 4 4 4 4 25 25 25 25 25 25 25 25 25 25 25 25 25 25 25 25 /
20 20 20 20 20 20 20 20 20 20 20 20 20 20 20 20 47 46 4 4 4 4 4 4 4 5 5 4 4 4 4 4 4 4 4 4 25 25 25 25 25 25 25 25 25 25 25 25 25 25 25 25 /
20 20 20 20 20 20 20 20 20 20 20 20 20 20 20 20 47 46 4 4 4 4 4 4 4 5 5 4 4 4 4 4 4 4 4 4 25 25 25 25 25 25 25 25 25 25 25 25 25 25 25 25 /
20 20 20 20 20 20 20 20 20 20 20 20 20 20 20 20 47 46 4 4 4 4 4 4 4 5 5 4 4 4 4 4 4 4 4 4 25 25 25 25 25 25 25 25 25 25 25 25 25 25 25 25 /
20 20 20 20 20 20 20 20 20 20 20 20 20 20 20 20 47 46 4 4 4 4 4 4 4 5 5 4 5 5 5 5 5 5 5 5 25 25 25 25 25 25 25 25 25 25 25 25 25 25 25 25 /
53 53 53 53 53 53 53 53 53 53 53 53 53 53 53 53 50 46 4 4 4 4 4 4 4 5 5 4 5 5 5 5 5 5 5 5 25 25 25 25 25 25 25 25 25 25 25 25 25 25 25 25 /
44 44 44 44 44 44 44 44 44 44 44 44 44 44 44 44 44 57 4 4 4 4 4 4 4 5 5 4 5 5 5 5 5 5 5 5 5 5 5 5 5 5 5 5 5 5 5 5 5 5 5 /
4 4 4 4 4 4 4 4 4 4 4 4 4 4 4 4 4 4 4 4 4 4 4 4 4 5 5 4 5 5 5 5 5 5 5 5 5 5 5 5 5 5 5 5 5 5 5 5 5 5 5 /
4 4 4 4 4 4 4 4 4 4 4 4 4 4 4 4 4 4 4 4 4 4 4 4 3 5 5 3 5 5 5 5 5 5 5 5 5 5 5 5 5 5 5 5 5 5 5 5 5 5 5 /
4 4 4 4 4 4 4 4 4 4 4 4 4 4 4 4 4 4 4 4 4 4 4 4 3 5 5 3 5 5 5 5 5 5 5 5 5 5 5 5 5 5 5 5 5 5 5 5 5 5 5 /
4 4 4 4 4 4 4 4 4 4 4 4 4 4 4 4 4 4 4 4 4 4 4 4 3 5 5 3 5 5 5 5 5 5 5 5 5 5 5 5 5 5 5 5 5 5 5 5 5 5 5 /
4 4 4 4 4 4 4 4 4 4 4 4 4 4 4 4 4 4 4 4 4 4 4 4 5 5 5 5 5 5 5 5 5 5 5 5 5 5 5 5 5 5 5 5 5 5 5 5 5 5 5 /
4 4 4 4 4 4 4 4 4 4 4 4 4 4 4 4 4 4 4 4 4 4 4 4 5 5 5 5 5 5 5 5 5 5 5 5 5 5 5 5 5 5 5 5 5 5 5 5 5 5 5 /
4 4 4 4 4 4 4 4 4 4 4 4 4 4 4 4 4 4 4 4 4 4 4 4 5 5 5 5 5 5 5 5 5 5 5 5 5 5 5 5 5 5 5 5 5 5 5 5 5 5 5 /
4 4 4 4 4 4 4 4 4 4 4 4 4 4 4 4 4 5 5 4 5 5 5 5 5 5 5 5 5 5 5 5 5 5 4 5 5 5 5 5 5 5 5 5 5 5 5 5 5 5 5 /
4 4 4 4 4 4 4 4 4 4 4 4 4 4 4 4 4 5 5 5 5 5 5 5 5 5 5 5 5 5 5 5 5 5 5 5 5 5 5 5 5 5 5 5 5 5 5 5 5 5 5 /
4 4 4 4 4 4 4 4 4 4 4 4 4 4 4 4 4 5 5 5 5 5 5 5 5 5 5 5 5 5 5 5 5 5 5 5 5 5 5 5 5 5 5 5 5 5 5 5 5 5 5 /
4 4 4 4 4 4 4 4 4 4 4 4 4 4 4 4 4 5 5 5 5 5 5 5 5 5 5 5 5 5 5 5 5 5 5 5 5 5 5 5 5 5 5 5 5 5 5 5 5 5 5 /
4 4 4 4 4 4 4 4 4 4 4 4 4 4 4 4 4 5 5 5 5 5 5 5 5 5 5 5 5 5 5 5 5 5 5 5 5 5 5 5 5 5 5 5 5 5 5 5 5 5 5 /
4 4 4 4 4 4 4 4 4 4 4 4 4 4 4 4 4 9 9 9 9 9 9 9 9 9 9 9 9 9 9 9 9 9 9 9 9 9 9 9 9 9 9 9 9 9 9 5 5 5 5 /
5 5 5 5 5 5 5 5 5 5 5 5 5 5 5 5 5 5 5 5 9 9 9 9 9 9 9 5 5 5 5 5 5 5 5 5 5 5 5 5 5 5 5 5 5 5 5 5 5 5 5 / 
4 4 4 4 4 4 4 4 4 4 4 4 4 4 4 4 4 4 4 4 4 4 4 4 4 4 4 4 4 4 4 4 4 4 4 4 4 4 4 4 4 4 4 4 4 4 4 4 4 4 4 /
4 4 4 4 4 4 4 4 4 4 4 4 4 4 4 4 4 4 4 4 4 4 4 4 4 4 4 4 4 4 4 4 4 4 4 4 4 4 4 4 4 4 4 4 4 4 4 4 4 4 4 /
4 4 4 4 4 4 4 4 4 4 4 4 4 4 4 4 4 4 4 4 4 4 4 4 4 4 4 4 4 4 4 4 4 4 4 4 4 4 4 4 4 4 4 4 4 4 4 4 4 4 4 /
/ / / / / / / / / / / / / / / / / / / / / / / / / / / / / / / / / / / / / / / / / / / / / / / / / / / /